%YAML:1.0
---
cameraMatrix: !!opencv-matrix
   rows: 3
   cols: 3
   dt: d
   data: [ 1.7257108737335207e+03, 0., 6.6040557714429895e+02, 0.,
       1.7284506958483275e+03, 4.7432615928500866e+02, 0., 0., 1. ]
distCoeffs: !!opencv-matrix
   rows: 1
   cols: 5
   dt: d
   data: [ -1.9346432554471768e-01, 4.4029523590608727e-01,
       -1.8362731361682926e-03, 4.6265464459106093e-04,
       -1.4725312244830044e+00 ]
rvecs:
   - !!opencv-matrix
      rows: 3
      cols: 1
      dt: d
      data: [ -1.6082258599822299e-01, 1.0558711343140977e-01,
          1.9430877996507304e-03 ]
   - !!opencv-matrix
      rows: 3
      cols: 1
      dt: d
      data: [ -2.8115144122342389e-01, 2.9550103928195709e-01,
          -3.2811239519513596e-01 ]
   - !!opencv-matrix
      rows: 3
      cols: 1
      dt: d
      data: [ 5.0597945642863129e-02, 3.1754677426508460e-01,
          -2.1749584627612527e-02 ]
   - !!opencv-matrix
      rows: 3
      cols: 1
      dt: d
      data: [ 1.5781199401208257e-01, 3.2004206849485139e-01,
          2.6832705174429615e-03 ]
   - !!opencv-matrix
      rows: 3
      cols: 1
      dt: d
      data: [ -3.0504499654769136e-02, -4.3239255543094046e-02,
          -2.6971585614861088e-01 ]
   - !!opencv-matrix
      rows: 3
      cols: 1
      dt: d
      data: [ 5.1833963765488475e-02, -3.9888147964738463e-01,
          3.1587727259795528e-02 ]
   - !!opencv-matrix
      rows: 3
      cols: 1
      dt: d
      data: [ 7.5702848571321354e-02, -6.4341712252744032e-01,
          2.8312721626481996e-01 ]
   - !!opencv-matrix
      rows: 3
      cols: 1
      dt: d
      data: [ 1.8513330668222047e-01, -8.0774148102943077e-01,
          3.0840114889015119e-01 ]
   - !!opencv-matrix
      rows: 3
      cols: 1
      dt: d
      data: [ -6.6964263801932444e-01, 8.1962882360474276e-02,
          2.4609246236375662e-01 ]
   - !!opencv-matrix
      rows: 3
      cols: 1
      dt: d
      data: [ -3.0424338556901653e-01, 1.8674575529859813e-01,
          -1.6178096459281910e-01 ]
   - !!opencv-matrix
      rows: 3
      cols: 1
      dt: d
      data: [ 1.1122583017082092e-01, -2.3147359429814707e-01,
          1.3467793199719044e-01 ]
   - !!opencv-matrix
      rows: 3
      cols: 1
      dt: d
      data: [ -4.0805341659509964e-01, 6.6501282959214134e-02,
          7.8764393825117310e-02 ]
   - !!opencv-matrix
      rows: 3
      cols: 1
      dt: d
      data: [ -3.8880117251271923e-01, 2.2026033314164040e-01,
          1.0278781339058875e-01 ]
   - !!opencv-matrix
      rows: 3
      cols: 1
      dt: d
      data: [ -1.6387505983699915e-01, 1.5118560804577902e-01,
          3.2105094206423289e-02 ]
   - !!opencv-matrix
      rows: 3
      cols: 1
      dt: d
      data: [ -1.5773314894398638e-01, -1.2038597296021110e-02,
          1.6339780687024651e-02 ]
   - !!opencv-matrix
      rows: 3
      cols: 1
      dt: d
      data: [ -2.9421599928233261e-01, 4.7703583701323488e-01,
          -2.2213947912013982e-01 ]
tvecs:
   - !!opencv-matrix
      rows: 3
      cols: 1
      dt: d
      data: [ -4.7815444309678504e+01, -1.3244000261911824e+01,
          2.6705564666256134e+02 ]
   - !!opencv-matrix
      rows: 3
      cols: 1
      dt: d
      data: [ -6.5225816709517872e+01, -5.1392489775857451e+00,
          3.3087726819315100e+02 ]
   - !!opencv-matrix
      rows: 3
      cols: 1
      dt: d
      data: [ -4.8691491695215142e+01, -1.2520817103842097e+01,
          2.5804649763825910e+02 ]
   - !!opencv-matrix
      rows: 3
      cols: 1
      dt: d
      data: [ -4.7066864425548701e+01, -2.4008980134417211e+01,
          2.1964592526975395e+02 ]
   - !!opencv-matrix
      rows: 3
      cols: 1
      dt: d
      data: [ -3.1139812763329918e+01, 6.4493084824621949e+00,
          2.8396127939034949e+02 ]
   - !!opencv-matrix
      rows: 3
      cols: 1
      dt: d
      data: [ -4.4639244524143123e+01, -1.0472313640556020e+01,
          2.3985482696732538e+02 ]
   - !!opencv-matrix
      rows: 3
      cols: 1
      dt: d
      data: [ -2.5900682250224492e+01, -1.7500150345335445e+01,
          2.2790876000994217e+02 ]
   - !!opencv-matrix
      rows: 3
      cols: 1
      dt: d
      data: [ -1.6510619360565631e+01, -2.7366797050917462e+01,
          1.8343283111264770e+02 ]
   - !!opencv-matrix
      rows: 3
      cols: 1
      dt: d
      data: [ -5.4817794579161188e+01, -3.7056299839146710e+01,
          4.7695148295591400e+02 ]
   - !!opencv-matrix
      rows: 3
      cols: 1
      dt: d
      data: [ -5.5840230637542305e+01, 7.5984304215802974e+00,
          4.3209021789895365e+02 ]
   - !!opencv-matrix
      rows: 3
      cols: 1
      dt: d
      data: [ -4.6553998922987233e+01, -4.2382403971331080e+01,
          2.2262885595040427e+02 ]
   - !!opencv-matrix
      rows: 3
      cols: 1
      dt: d
      data: [ -8.4123458536092841e+01, 8.2473468470585978e+00,
          3.3356107930032056e+02 ]
   - !!opencv-matrix
      rows: 3
      cols: 1
      dt: d
      data: [ -3.5617365673470545e+00, -2.7041519155876732e+00,
          3.1462793010634823e+02 ]
   - !!opencv-matrix
      rows: 3
      cols: 1
      dt: d
      data: [ -5.1500213555777083e+00, -5.9471533251268681e+01,
          2.9167636301829918e+02 ]
   - !!opencv-matrix
      rows: 3
      cols: 1
      dt: d
      data: [ -8.2022204097504513e+01, -5.9778836676323699e+01,
          2.8980335246210217e+02 ]
   - !!opencv-matrix
      rows: 3
      cols: 1
      dt: d
      data: [ -2.1753591719711551e+01, -1.0514309593387454e+01,
          3.1564570193684256e+02 ]
